Test started at 2026-08-18 22:41:34.251723
Attempting Trimming on chip #3 placed at slot #2

Current = 188.409
0,      0.926323
1,      0.945792
2,      0.964782
3,      0.983331
4,      1.001442
5,      1.018771
6,      1.036151
7,      1.053327
8,      1.070499
18,     1053,   1056,   1055,   1052,   1061
Supply current in amplifier mode is 116.60uA
Wait and check chip status here
CLK trimming
0,      226131, 226246, 226285, 226176, 226247
1,      224350, 224183, 224123, 224164, 224164
2,      216921, 216934, 216901, 216850, 216825
3,      219771, 219772, 219780, 219727, 219767
4,      217243, 217280, 217305, 217317, 217289
5,      215147, 215176, 215134, 215092, 215184
6,      212743, 212805, 212809, 212781, 212782
7,      210666, 210683, 210703, 210701, 210675
8,      208622, 208633, 208628, 208617, 208627
9,      206470, 206431, 206493, 206463, 206490
10,     203982, 204052, 204053, 204097, 203975
11,     201956, 201823, 201891, 201900, 201889
12,     199408, 199394, 199399, 199395, 199386
13,     197192, 197210, 197249, 197247, 197239
